%% pullinc.m
% data from Johann Colas, Ludovic Charpentier, Marianne Balat-Pichelin. Oxidation in air at 1400 K and optical
% properties of Inconel 625, FeCrAlloy and Kanthal Super ER. Oxidation of Metals, Springer Verlag,
% 2020, 93, pp.355-370. ff10.1007/s11085-020-09959-6ff. ffhal-02484513f

inc = [0.2500336497573643, 0.7781908402159241;
0.27417588455047587, 0.7367745994615327;
0.3337948253048794, 0.6210355431745773;
0.3805804692899705, 0.5551978806815299;
0.42857282949480824, 0.5074070507376937;
0.49738165302119974, 0.4617320957802149;
0.6001930927220789, 0.4224166137012144;
0.8199357653869267, 0.36874349604670553;
0.8375634283934702, 0.3485718004343462;
1.3138710180215545, 0.2927439956437011;
1.3807268654733171, 0.29007903087521103;
1.4330919516065894, 0.2783949395960388;
1.7447146324215979, 0.2555292722400916;
1.8530979830895424, 0.2533925612575373;
1.9336333770149334, 0.23640019353547193;
1.9822190935260011, 0.24382434496472205;
2.0034134853436147, 0.2703571476513399;
2.845742074694914, 0.2357804247858476;
4.262998359414519, 0.19588439465594654;
5.541775913635347, 0.1751264313074563;
8.360800928992163, 0.141597227937044;
12.748695343504057, 0.113903329148625;
20.867793016953346, 0.090438729039250909;
22.124867446086668, 0.09679370787933361;
23.16840166829903, 0.09678308560676263;
24.914880843090124, 0.06439332524406427;
25.859796100389318, 0.07659096254715125];

l_inc = inc(:,1);
e_inc = inc(:,2);